1554670221 13
1554670222 49
1554826175 2078
1554826188 2126
1554826991 2215
1554827339 2289
1554827381 2289
1554828148 3430
1554828162 3430
1554998071 3430
1555000125 3503
1555000735 3546
1555001521 6117
1555265158 6225
1555266002 6551
1555266036 6581
1555270676 6664
1555270806 6740
1555270890 6753
1555271368 6740
1555271609 8426
1555281754 10116
1555289332 10618
1555348811 10602
1555352349 10647
1555353249 10650
1555353273 10642
1555353893 10654
1555354002 10662
1555355060 10681
1555355130 10673
1555355533 10733
1555864441 10742
1555864953 11101
1555864966 11101
1555866552 11105
1555867004 11118
1555867033 11118
1555874397 11129
1555874419 11244
1555882978 17081
1555883003 17536
1555894249 19592
1555894301 20689
1555951279 20694
1555953730 41989
1555954671 44341
1555959791 44442
1555959809 44486
1555981628 46436
1555987950 39949
1556037404 42642
1556037440 42997
1556039298 36091
1556079681 36109
1556127611 36141
1556139084 36151
1556164590 36428
1556226356 36584
1556244888 36513
1556291083 36521
1556320139 36545
1556473413 36538
1556474494 36545
1556476744 36555
1556477272 36575
1556477338 36575
1556477511 36575
1556477620 36579
1556479495 36585
1556480382 36598
1556480707 36609
1556480978 36609
1556481118 36657
1556484103 36866
1556484136 36868
1556484357 36500
1556485320 36487
1556488080 38755
1556489178 38783
1556572198 39147
1556573024 39147
1556671937 39143
1556682427 39502
1556682681 39508
1556763880 419250
1556766020 419253
1556766676 419251
1556808176 421129
1556808425 421092
1556811666 421092
1556834488 421195
1556849377 410347
1557014204 410361
1557174941 410432
1557175520 410430
1557175569 410430
1557175630 410431
1557176193 410435
1557177478 410447
1557181329 410667
1557181473 410674
1557184017 410687
1557245420 411777
1557249607 411792
1557256941 414772
1557266870 414772
1557270399 414785
1557273890 414617
1557273913 414617
1557275155 414721
1557277186 414737
1557335147 414745
1557337593 414761
1557453750 414762
1557453765 420789
1557458337 420739
1557458399 420739
1557494847 420788
1557506885 419574
1557507819 419757
1557508238 419756
1557516189 419820
1557524968 419825
1557528768 419823
1557533333 419823
1557545836 419768
1557546113 419858
1557547548 419956
1557547892 419956
1557553530 419448
1557553541 419448
1557553997 419448
1557554008 419354
1557554407 533217
1557554845 533217
